image_width: 640
image_height: 480
camera_name: narrow_stereo
camera_matrix:
  rows: 3
  cols: 3
  data: [706.106589, 0, 326.137894, 0, 701.458495, 242.886908, 0, 0, 1]
distortion_model: plumb_bob
distortion_coefficients:
  rows: 1
  cols: 5
  data: [0.05364, -0.149801, 0.011177, -6.8e-05, 0]
rectification_matrix:
  rows: 3
  cols: 3
  data: [1, 0, 0, 0, 1, 0, 0, 0, 1]
projection_matrix:
  rows: 3
  cols: 4
  data: [711.752808, 0, 325.691825, 0, 0, 704.197815, 245.650245, 0, 0, 0, 1, 0]